0.000000 0.000000
1.500000 3.000000
2.992500 5.960622
4.477538 8.882064
5.955150 11.764522
7.425374 14.608189
8.888247 17.413261
10.343806 20.179929
11.792087 22.908387
13.233126 25.598825
14.666961 28.251434
16.093626 30.866401
17.513158 33.443917
18.925592 35.984167
20.330964 38.487339
21.729309 40.953617
23.120663 43.383187
24.505059 45.776231
25.882534 48.132932
27.253122 50.453472
28.616856 52.738033
29.973772 54.986792
31.323903 57.199931
32.667283 59.377626
34.003947 61.520056
35.333927 63.627395
36.657257 65.699821
37.973971 67.737507
39.284101 69.740627
40.587681 71.709354
41.884742 73.643859
43.175319 75.544315
44.459442 77.410891
45.737145 79.243756
47.008459 81.043080
48.273417 82.809030
49.532050 84.541772
50.784390 86.241473
52.030468 87.908298
53.270315 89.542412
54.503964 91.143977
55.731444 92.713157
56.952787 94.250114
58.168023 95.755009
59.377183 97.228001
60.580297 98.669251
61.777395 100.078917
62.968508 101.457158
64.153666 102.804129
65.332897 104.119989
66.506233 105.404891
67.673702 106.658992
68.835333 107.882444
69.991157 109.075402
71.141201 110.238018
72.285495 111.370443
73.424067 112.472828
74.556947 113.545324
75.684162 114.588080
76.805741 115.601244
77.921713 116.584966
79.032104 117.539391
80.136944 118.464666
81.236259 119.360938
82.330078 120.228351
83.418427 121.067049
84.501335 121.877176
85.578828 122.658875
86.650934 123.412288
87.717680 124.137557
88.779091 124.834822
89.835196 125.504223
90.886020 126.145899
91.931590 126.759990
92.971932 127.346632
94.007072 127.905964
95.037037 128.438122
96.061852 128.943241
97.081542 129.421457
98.096135 129.872905
99.105654 130.297718
100.110126 130.696029
101.109575 131.067972
102.104027 131.413677
103.093507 131.733276
104.078039 132.026900
105.057649 132.294678
106.032361 132.536739
107.002199 132.753213
107.967188 132.944227
108.927352 133.109908
109.882715 133.250384
110.833302 133.365779
111.779135 133.456220
112.720240 133.521832
113.656639 133.562738
114.588355 133.579062
115.515414 133.570926
116.437836 133.538454
117.355647 133.481767
118.268869 133.400985
119.177525 133.296231
120.081637 133.167622
120.981229 133.015279
121.876323 132.839320
122.766941 132.639863
123.653106 132.417026
124.534841 132.170926
125.412167 131.901679
126.285106 131.609401
127.153680 131.294206
128.017912 130.956210
128.877822 130.595527
129.733433 130.212269
130.584766 129.806550
131.431842 129.378483
132.274683 128.928178
133.113310 128.455747
133.947743 127.961300
134.778004 127.444949
135.604114 126.906802
136.426094 126.346968
137.243963 125.765555
138.057743 125.162673
138.867455 124.538427
139.673118 123.892925
140.474752 123.226272
141.272378 122.538576
142.066016 121.829941
142.855686 121.100471
143.641408 120.350271
144.423201 119.579445
145.201085 118.788095
145.975079 117.976325
146.745204 117.144236
147.511478 116.291929
148.273920 115.419507
149.032551 114.527070
149.787388 113.614717
150.538451 112.682548
151.285759 111.730663
152.029330 110.759160
152.769183 109.768136
153.505338 108.757691
154.237811 107.727920
154.966622 106.678920
155.691789 105.610788
156.413330 104.523619
157.131263 103.417508
157.845607 102.292551
158.556379 101.148841
159.263597 99.986471
159.967279 98.805537
160.667443 97.606129
161.364105 96.388341
162.057285 95.152264
162.746998 93.897990
163.433263 92.625610
164.116097 91.335215
164.795517 90.026894
165.471539 88.700737
166.144181 87.356833
166.813460 85.995271
167.479393 84.616140
168.141996 83.219527
168.801286 81.805519
169.457280 80.374204
170.109993 78.925668
170.759443 77.459997
171.405646 75.977277
172.048618 74.477593
172.688375 72.961030
173.324933 71.427673
173.958308 69.877604
174.588517 68.310909
175.215574 66.727669
175.839496 65.127968
176.460299 63.511889
177.077997 61.879512
177.692607 60.230919
178.304144 58.566192
178.912624 56.885411
179.518060 55.188657
180.120470 53.476008
180.719868 51.747546
181.316268 50.003348
181.909687 48.243494
182.500139 46.468061
183.087638 44.677128
183.672200 42.870773
184.253839 41.049071
184.832570 39.212101
185.408407 37.359938
185.981365 35.492658
186.551458 33.610338
187.118701 31.713051
187.683107 29.800873
188.244692 27.873879
188.803468 25.932142
189.359451 23.975736
